cordsX:56.566772
cordsY:23.981514
facing:down
hp:100.0
mp:100.0
money:20.45
