cordsX:56.39999
cordsY:29.810436
facing:down
hp:100.0
mp:100.0
money:20.45
